-5.048115371963505290e-04 6.443487332502418306e-03 -2.755822559258705451e-02 4.678398234393036509e-02 -1.495785089947668928e-02
-9.545526834978516374e-04 1.093581811555647404e-02 -4.373225745838945494e-02 7.253724642323591820e-02 -2.947871228053306966e-02
-5.455072723927560088e-04 6.747101463631922924e-03 -2.909210838740067598e-02 5.142524170577621179e-02 -1.844382811363584618e-02
-9.995979644957279312e-04 1.143469060900442931e-02 -4.569263627204219608e-02 7.582041541078338165e-02 -3.164204171591439296e-02
-8.863856077704932801e-04 1.035449654357211390e-02 -4.215516396825260553e-02 7.013816214188291209e-02 -2.774640409510600869e-02
-7.589651808132531589e-04 8.863025853651378821e-03 -3.654472453878408050e-02 6.347248692449157514e-02 -2.594166954960746077e-02
-8.504010051867004396e-04 9.925324762449056273e-03 -4.048905515657710147e-02 6.772132945392388137e-02 -2.613393087775099655e-02
-8.090098982174978495e-04 9.212813231610147979e-03 -3.672620889651094511e-02 6.121778503530301424e-02 -2.345527906678999269e-02
-7.353309693964817833e-04 8.579048904274454504e-03 -3.528882623908410898e-02 6.047480810406839769e-02 -2.345062902295019097e-02
-1.067629650668973406e-03 1.218703066328317465e-02 -4.849669060719514341e-02 8.025101291208461274e-02 -3.434111000309520573e-02
-6.620368710142958066e-04 7.804452173703646869e-03 -3.256030413264018875e-02 5.701722179959860942e-02 -2.212834531433303942e-02
-8.027046984013080358e-04 9.059668589149815626e-03 -3.577650957903925205e-02 5.977638796857074471e-02 -2.403865570972986074e-02
-7.756165064623434403e-04 9.040058342914330733e-03 -3.709471264561637477e-02 6.351020095704701385e-02 -2.495784213739906179e-02
-9.148838672119842053e-04 1.053486479175496163e-02 -4.244120168212644345e-02 7.176011413054944610e-02 -3.031679372554601029e-02
-1.116809761353775021e-03 1.287132094085439125e-02 -5.173227197391310622e-02 8.565007483821840406e-02 -3.605725799412751176e-02
-7.703254235614598669e-04 8.875516605196056424e-03 -3.593367461161722787e-02 6.230828575988874019e-02 -2.710633697060860214e-02
