1.149959777101233717e-04 -1.447756815982880786e-03 6.510018018593014509e-03 -1.223405369518627307e-02 1.650758676374098829e-02
1.020163480950387355e-04 -1.347023637972283002e-03 6.462602470486273655e-03 -1.305210838199708477e-02 1.784158289945754483e-02
1.146020230467176357e-04 -1.393072554819377697e-03 5.792563689378243431e-03 -9.648997906561112073e-03 1.417917061964388097e-02
8.650362566993354159e-05 -1.135689903779567951e-03 5.464422232895918725e-03 -1.136699839596469301e-02 1.736016550102446182e-02
6.389678743342807265e-05 -6.941993600298232816e-04 2.840338958273228107e-03 -5.360543336878565573e-03 1.221417697163846086e-02
-2.064130027892076505e-05 1.114051046576767660e-04 3.967506880809539439e-04 -2.847855223363543638e-03 1.255669917294362052e-02
1.307615087548785748e-04 -1.384753774386732975e-03 5.311792326053499380e-03 -8.893292093065656434e-03 1.425053945508668145e-02
-2.928430250961752750e-05 2.854128538385984279e-04 -4.614062349368840002e-04 -1.716008808146514972e-03 1.338855253777419992e-02
-1.706775798030039947e-04 1.864701880524312827e-03 -7.000606371725321894e-03 1.059679020136581468e-02 4.753019794913990355e-03
3.524609483702912711e-05 -2.033979252945443178e-04 9.407184674376763221e-05 6.420191853683136557e-04 9.708296336309190505e-03
5.448554694265199405e-05 -6.101548506709004874e-04 2.350679290365150376e-03 -3.885635011674578101e-03 1.159583515524542641e-02
2.509069358741303755e-04 -2.745833793134813943e-03 1.058203324849244474e-02 -1.699644834767223903e-02 1.990212497011066908e-02
-3.704820516519310788e-06 7.131632040647030903e-07 4.317558143171664072e-04 -2.032816000365457454e-03 1.143980445336633886e-02
-4.204569181146790508e-04 5.206697969508867867e-03 -2.235770446643961518e-02 3.812459558982908558e-02 -9.550759026775079361e-03
2.231387858012323557e-04 -2.676319546734843950e-03 1.109950108329610212e-02 -1.855240578227829173e-02 1.980410645236000550e-02
-6.691732488527129706e-04 8.524139067866563085e-03 -3.781911863658569267e-02 6.672331578414059106e-02 -2.545667183248455714e-02
